

















































12:00:00 1/1/19100
Welcome to Universal Machine IX (UMIX).

This machine is a shared resource. Please do not log
in to multiple simultaneous UMIX servers. No game playing
is allowed.

Please log in (use 'guest' for visitor access).
;login: password: logged in as yang


% Begin sending characters. Terminate with EOF...
writing 5 characters
% % 
[balance] Running test 1/1...

 === machine state === 
mem M:
00 00 00 00 00 00 00 00  00 00 00 00 00 00 00 00
00 00 00 00 00 00 00 00  00 00 00 00 00 00 00 00
00 00 00 00 00 00 00 00  00 00 00 00 00 00 00 00
00 00 00 00 00 00 00 00  00 00 00 00 00 00 00 00
00 00 00 00 00 00 00 00  00 00 00 00 00 00 00 00
00 00 00 00 00 00 00 00  00 00 00 00 00 00 00 00
00 00 00 00 00 00 00 00  00 00 00 00 00 00 00 00
00 00 00 00 00 00 00 00  00 00 00 00 00 00 00 7F
00 00 00 00 00 00 00 00  00 00 00 00 00 00 00 00
00 00 00 00 00 00 00 00  00 00 00 00 00 00 00 00
00 00 00 00 00 00 00 00  00 00 00 00 00 00 00 00
00 00 00 00 00 00 00 00  00 00 00 00 00 00 00 00
00 00 00 00 00 00 00 00  00 00 00 00 00 00 00 00
00 00 00 00 00 00 00 00  00 00 00 00 00 00 00 00
00 00 00 00 00 00 00 00  00 00 00 00 00 00 00 00
00 00 00 00 00 00 00 00  00 00 00 00 00 00 00 00
src regs sR: { 00 00 00 00 }
dst regs dR: { 00 00 }
IS: 1 IP: 0
 === machine state === 
mem M:
00 00 00 00 00 00 00 00  00 00 00 00 00 00 00 00    ........ ........ 
00 00 00 00 00 00 00 00  00 00 00 00 00 00 00 00    ........ ........ 
00 00 00 00 00 00 00 00  00 00 00 00 00 00 00 00    ........ ........ 
00 00 00 00 00 00 00 00  00 00 00 00 00 00 00 00    ........ ........ 
00 00 00 00 00 00 00 00  00 00 00 00 00 00 00 00    ........ ........ 
00 00 00 00 00 00 00 00  00 00 00 00 00 00 00 00    ........ ........ 
00 00 00 00 00 00 00 00  00 00 00 00 00 00 00 00    ........ ........ 
00 00 00 00 00 00 00 00  00 00 00 00 00 00 00 7F    ........ ....... 
00 00 00 00 00 00 00 00  00 00 00 00 00 00 00 00    ........ ........ 
00 00 00 00 00 00 00 00  00 00 00 00 00 00 00 00    ........ ........ 
00 00 00 00 00 00 00 00  00 00 00 00 00 00 00 00    ........ ........ 
00 00 00 00 00 00 00 00  00 00 00 00 00 00 00 00    ........ ........ 
00 00 00 00 00 00 00 00  00 00 00 00 00 00 00 00    ........ ........ 
00 00 00 00 00 00 00 00  00 00 00 00 00 00 00 00    ........ ........ 
00 00 00 00 00 00 00 00  00 00 00 00 00 00 00 00    ........ ........ 
00 00 00 00 00 00 00 00  00 00 00 00 00 00 00 00    ........ ........ 
src regs sR: { 7F 00 00 00 }
dst regs dR: { 00 7F }
IS: 1 IP: 0
Your code solved puzzle stop127!
BLNCE.S27=20@999999|a7f8d6a06903f3a8956d0f958a50a33
% 