

















































12:00:00 1/1/19100
Welcome to Universal Machine IX (UMIX).

This machine is a shared resource. Please do not log
in to multiple simultaneous UMIX servers. No game playing
is allowed.

Please log in (use 'guest' for visitor access).
;login: password: logged in as yang


% Begin sending characters. Terminate with EOF...
writing 9 characters
% % Begin sending characters. Terminate with EOF...
writing 5 characters
% % 
[balance] Running test 1/1...

 === machine state === 
mem M:
00 00 00 00 00 00 00 00  00 00 00 00 00 00 00 00
00 00 00 00 00 00 00 00  00 00 00 00 00 00 00 00
00 00 00 00 00 00 00 00  00 00 00 00 00 00 00 00
00 00 00 00 00 00 00 00  00 00 00 00 00 00 00 00
00 00 00 00 00 00 00 00  00 00 00 00 00 00 00 00
00 00 00 00 00 00 00 00  00 00 00 00 00 00 00 00
00 00 00 00 00 00 00 00  00 00 00 00 00 00 00 00
00 00 00 00 00 00 00 00  00 00 00 00 00 00 00 7F
00 00 00 00 00 00 00 00  00 00 00 00 00 00 00 00
00 00 00 00 00 00 00 00  00 00 00 00 00 00 00 00
00 00 00 00 00 00 00 00  00 00 00 00 00 00 00 00
00 00 00 00 00 00 00 00  00 00 00 00 00 00 00 00
00 00 00 00 00 00 00 00  00 00 00 00 00 00 00 00
00 00 00 00 00 00 00 00  00 00 00 00 00 00 00 00
00 00 00 00 00 00 00 00  00 00 00 00 00 00 00 00
00 00 00 00 00 00 00 00  00 00 00 00 00 00 00 00
src regs sR: { 00 00 00 00 }
dst regs dR: { 00 00 }
IS: 1 IP: 0
 === machine state === 
mem M:
00 00 00 00 00 00 00 00  00 00 00 00 00 00 00 00    ........ ........ 
00 00 00 00 00 00 00 00  00 00 00 00 00 00 00 00    ........ ........ 
00 00 00 00 00 00 00 00  00 00 00 00 00 00 00 00    ........ ........ 
00 00 00 00 00 00 00 00  00 00 00 00 00 00 00 00    ........ ........ 
00 00 00 00 00 00 00 00  00 00 00 00 00 00 00 00    ........ ........ 
00 00 00 00 00 00 00 00  00 00 00 00 00 00 00 00    ........ ........ 
00 00 00 00 00 00 00 00  00 00 00 00 00 00 00 00    ........ ........ 
00 00 00 00 00 00 00 00  00 00 00 00 00 00 00 7F    ........ ....... 
00 00 00 00 00 00 00 00  00 00 00 00 00 00 00 00    ........ ........ 
00 00 00 00 00 00 00 00  00 00 00 00 00 00 00 00    ........ ........ 
00 00 00 00 00 00 00 00  00 00 00 00 00 00 00 00    ........ ........ 
00 00 00 00 00 00 00 00  00 00 00 00 00 00 00 00    ........ ........ 
00 00 00 00 00 00 00 00  00 00 00 00 00 00 00 00    ........ ........ 
00 00 00 00 00 00 00 00  00 00 00 00 00 00 00 00    ........ ........ 
00 00 00 00 00 00 00 00  00 00 00 00 00 00 00 00    ........ ........ 
00 00 00 00 00 00 00 00  00 00 00 00 00 00 00 00    ........ ........ 
src regs sR: { 7F 80 80 80 }
dst regs dR: { 80 71 }
IS: 1 IP: 3
Your code solved puzzle stop127!
BLNCE.S27=19@999999|60b99292cf2212dda0af8acd3536c81
% 
[balance] Running test 1/1...

 === machine state === 
mem M:
00 00 00 00 00 00 00 00  00 00 00 00 00 00 00 00
00 00 00 00 00 00 00 00  00 00 00 00 00 00 00 00
00 00 00 00 00 00 00 00  00 00 00 00 00 00 00 00
00 00 00 00 00 00 00 00  00 00 00 00 00 00 00 00
00 00 00 00 00 00 00 00  00 00 00 00 00 00 00 00
00 00 00 00 00 00 00 00  00 00 00 00 00 00 00 00
00 00 00 00 00 00 00 00  00 00 00 00 00 00 00 00
00 00 00 00 00 00 00 00  00 00 00 00 00 00 00 00
80 00 00 00 00 00 00 00  00 00 00 00 00 00 00 00
00 00 00 00 00 00 00 00  00 00 00 00 00 00 00 00
00 00 00 00 00 00 00 00  00 00 00 00 00 00 00 00
00 00 00 00 00 00 00 00  00 00 00 00 00 00 00 00
00 00 00 00 00 00 00 00  00 00 00 00 00 00 00 00
00 00 00 00 00 00 00 00  00 00 00 00 00 00 00 00
00 00 00 00 00 00 00 00  00 00 00 00 00 00 00 00
00 00 00 00 00 00 00 00  00 00 00 00 00 00 00 00
src regs sR: { 00 00 00 00 }
dst regs dR: { 00 00 }
IS: 1 IP: 0
 === machine state === 
mem M:
00 00 00 00 00 00 00 00  00 00 00 00 00 00 00 00    ........ ........ 
00 00 00 00 00 00 00 00  00 00 00 00 00 00 00 00    ........ ........ 
00 00 00 00 00 00 00 00  00 00 00 00 00 00 00 00    ........ ........ 
00 00 00 00 00 00 00 00  00 00 00 00 00 00 00 00    ........ ........ 
00 00 00 00 00 00 00 00  00 00 00 00 00 00 00 00    ........ ........ 
00 00 00 00 00 00 00 00  00 00 00 00 00 00 00 00    ........ ........ 
00 00 00 00 00 00 00 00  00 00 00 00 00 00 00 00    ........ ........ 
00 00 00 00 00 00 00 00  00 00 00 00 00 00 00 00    ........ ........ 
80 00 00 00 00 00 00 00  00 00 00 00 00 00 00 00    ........ ........ 
00 00 00 00 00 00 00 00  00 00 00 00 00 00 00 00    ........ ........ 
00 00 00 00 00 00 00 00  00 00 00 00 00 00 00 00    ........ ........ 
00 00 00 00 00 00 00 00  00 00 00 00 00 00 00 00    ........ ........ 
00 00 00 00 00 00 00 00  00 00 00 00 00 00 00 00    ........ ........ 
00 00 00 00 00 00 00 00  00 00 00 00 00 00 00 00    ........ ........ 
00 00 00 00 00 00 00 00  00 00 00 00 00 00 00 00    ........ ........ 
00 00 00 00 00 00 00 00  00 00 00 00 00 00 00 00    ........ ........ 
src regs sR: { 80 80 00 00 }
dst regs dR: { 00 00 }
IS: 1 IP: 1
Your code solved puzzle stop128!
BLNCE.S28=15@999999|cc21c682563623f9df8d1bba37e5ee6
% 