

















































12:00:00 1/1/19100
Welcome to Universal Machine IX (UMIX).

This machine is a shared resource. Please do not log
in to multiple simultaneous UMIX servers. No game playing
is allowed.

Please log in (use 'guest' for visitor access).
;login: password: logged in as root

---------------------------------------------------------
Administrative account is for maintenance only.
No research is allowed.
---------------------------------------------------------

% For information on a specific command, type
  help cmd
UMIX Commands:
  ls
  rm
  cat
  more
  cdup
  mkdir
  cd
  run
  pwd
  dump
  logout
  telnet

Also, try running programs with no arguments for usage instructions.

% tools/
lost+found/
% tools/
lost+found/
% README
um.um
% recover*
CREDITS
aum_log_29_12_19004_172107
aum_log_29_12_19004_222107
aum_log_29_12_19004_235107
% home/
bin/
root/
% drwx    root                ? home
drwx    root                ? bin
drwx    root                ? root
% % DA 00 00 12 00 00 00 00 00 00 00 00 00 00 00 00
00 00 00 00 00 00 00 00 00 00 00 00 00 00 00 00
D0 00 01 00 D4 00 00 07 D7 FF FF FF 30 00 01 1F
60 00 00 CB 60 00 00 DB 50 00 00 4C 60 00 00 51
60 00 00 49 20 00 01 8B 10 00 00 70 DE 00 00 01
30 00 00 38 D6 00 00 FF 10 00 00 F3 50 00 00 CB
D8 00 00 1C 30 00 01 23 10 00 01 34 C0 00 00 34
00 00 00 2A 00 00 00 39 00 00 00 5A 00 00 00 7B
00 00 00 89 00 00 00 97 00 00 00 A5 00 00 00 B3
00 00 00 B4 00 00 00 C0 00 00 00 C5 00 00 00 CA
00 00 00 CF 00 00 00 0A DE 00 00 08 50 00 01 0F
50 00 00 E7 60 00 01 22 60 00 01 24 60 00 00 DA
60 00 00 DB 60 00 01 CA 60 00 01 FF 10 00 01 F7
10 00 00 73 10 00 01 34 00 00 00 67 20 00 01 99
C0 00 00 35 D6 00 00 08 50 00 00 CB 60 00 00 D3
60 00 00 DB 10 00 00 F3 D8 00 00 4E DE 00 00 42
00 00 01 E3 C0 00 00 37 60 00 00 CA 60 00 00 DB
10 00 00 F3 DE 00 01 00 30 00 00 FB 10 00 00 F3
D8 00 00 40 50 00 01 0C 60 00 01 14 60 00 01 24
20 00 01 A3 C0 00 00 35 60 00 01 0A 60 00 01 24
10 00 01 34 DE 00 00 01 30 00 01 3C 10 00 00 DC
D8 00 00 40 50 00 01 0C 60 00 01 14 60 00 01 24
20 00 01 A3 C0 00 00 35 D6 00 00 40 50 00 00 CB
60 00 00 D3 60 00 00 DB 10 00 00 F3 D8 00 00 6F
DE 00 00 63 00 00 01 E3 C0 00 00 37 60 00 00 CA
60 00 00 DB 10 00 00 F3 D8 00 00 08 50 00 01 0C
60 00 01 14 60 00 01 24 10 00 01 34 DE 00 01 00
30 00 01 3C 20 00 01 A3 C0 00 00 35 D8 00 00 08
50 00 01 0C 60 00 01 14 60 00 01 24 10 00 01 34
DE 00 00 01 30 00 01 3C 60 00 01 CA 60 00 01 FF
10 00 01 F7 20 00 00 E7 C0 00 00 35 DE 00 00 08
50 00 01 0F 50 00 00 E7 60 00 01 22 60 00 01 24
60 00 00 DA 60 00 00 DB 10 00 01 34 60 00 01 CA
60 00 01 FF 10 00 01 F7 30 00 01 27 20 00 01 9C
C0 00 00 35 DE 00 00 08 50 00 01 0F 50 00 00 E7
60 00 01 22 60 00 01 24 60 00 00 DA 60 00 00 DB
10 00 01 34 60 00 01 CA 60 00 01 FF 10 00 01 F7
40 00 01 27 20 00 01 9C C0 00 00 35 DE 00 00 08
50 00 01 0F 50 00 00 E7 60 00 01 22 60 00 01 24
60 00 00 DA 60 00 00 DB 10 00 01 34 60 00 01 CA
60 00 01 FF 10 00 01 F7 50 00 01 27 20 00 01 9C
C0 00 00 35 DE 00 00 08 50 00 01 0F 50 00 00 E7
60 00 01 22 60 00 01 24 60 00 00 DA 60 00 00 DB
10 00 01 34 60 00 01 CA 60 00 01 FF 10 00 01 F7
60 00 01 27 20 00 01 9C C0 00 00 35 70 00 00 00
60 00 00 CA 60 00 00 DB 10 00 00 F3 30 00 01 FB
80 00 00 27 20 00 01 33 D6 00 00 08 50 00 00 CB
60 00 00 D3 60 00 00 DB 20 00 01 9C C0 00 00 35
60 00 00 CA 60 00 00 DB 10 00 00 F3 90 00 00 03
C0 00 00 35 60 00 01 0A 60 00 01 24 10 00 01 34
A0 00 00 04 C0 00 00 35 B0 00 00 04 60 00 00 CA
60 00 00 DB 20 00 01 9C C0 00 00 35 D8 00 00 08
50 00 01 0C 60 00 01 14 60 00 01 24 10 00 01 34
D0 00 00 DE D6 00 00 D8 00 00 00 C4 C0 00 00 33
60 00 00 0A 60 00 00 00 10 00 00 30 DE 00 01 00
30 00 00 07 C0 00 00 35 D4 00 01 00 10 00 01 66
30 00 00 EA 80 00 00 1B D0 00 00 EC DE 00 00 E6
00 00 00 3A C0 00 00 30 60 00 01 F6 30 00 00 BA
10 00 00 32 20 00 00 D0 D0 00 00 E2 C0 00 00 30
D0 00 00 F8 D4 00 00 F0 00 00 00 15 C0 00 00 30
10 00 00 25 60 00 01 F6 30 00 01 7D DE 00 01 00
30 00 01 EF 20 00 00 F8 D0 00 00 EC C0 00 00 30
D4 00 00 07 60 00 00 0A 60 00 00 00 10 00 00 30
30 00 00 07 DA 00 00 12 C0 00 00 1D 10 00 00 00

% 