

















































12:00:00 1/1/19100
Welcome to Universal Machine IX (UMIX).

This machine is a shared resource. Please do not log
in to multiple simultaneous UMIX servers. No game playing
is allowed.

Please log in (use 'guest' for visitor access).
;login: password: logged in as yang


% Begin sending characters. Terminate with EOF...
writing 39 characters
% % Begin sending characters. Terminate with EOF...
writing 35 characters
% % 
[balance] Running test 1/1...

 === machine state === 
mem M:
00 00 00 00 00 00 00 00  00 00 00 00 00 00 00 00
00 00 00 00 00 00 00 00  00 00 00 00 00 00 00 00
00 00 00 00 00 00 00 00  00 00 00 00 00 00 00 00
00 00 00 00 00 00 00 00  00 00 00 00 00 00 00 00
00 00 00 00 00 00 00 00  00 00 00 00 00 00 00 00
00 00 00 00 00 00 00 00  00 00 00 00 00 00 00 00
00 00 00 00 00 00 00 00  00 00 00 00 00 00 00 00
00 00 00 00 00 00 00 00  00 00 00 00 00 00 00 7F
00 00 00 00 00 00 00 00  00 00 00 00 00 00 00 00
00 00 00 00 00 00 00 00  00 00 00 00 00 00 00 00
00 00 00 00 00 00 00 00  00 00 00 00 00 00 00 00
00 00 00 00 00 00 00 00  00 00 00 00 00 00 00 00
00 00 00 00 00 00 00 00  00 00 00 00 00 00 00 00
00 00 00 00 00 00 00 00  00 00 00 00 00 00 00 00
00 00 00 00 00 00 00 00  00 00 00 00 00 00 00 00
00 00 00 00 00 00 00 00  00 00 00 00 00 00 00 00
src regs sR: { 00 00 00 00 }
dst regs dR: { 00 00 }
IS: 1 IP: 0
 === machine state === 
mem M:
00 00 00 00 00 00 00 00  00 00 00 00 00 00 00 00    ........ ........ 
00 00 00 00 00 00 00 00  00 00 00 00 00 00 00 00    ........ ........ 
00 00 00 00 00 00 00 00  00 00 00 00 00 00 00 00    ........ ........ 
00 00 00 00 00 00 00 00  00 00 00 00 00 00 00 00    ........ ........ 
00 00 00 00 00 00 00 00  00 00 00 00 00 00 00 00    ........ ........ 
00 00 00 00 00 00 00 00  00 00 00 00 00 00 00 00    ........ ........ 
00 00 00 00 00 00 00 00  00 00 00 00 00 00 00 00    ........ ........ 
00 00 00 00 00 00 00 00  00 00 00 00 00 00 00 7F    ........ ....... 
00 00 00 00 00 00 00 00  00 00 00 00 00 00 00 00    ........ ........ 
00 00 00 00 00 00 00 00  00 00 00 00 00 00 00 00    ........ ........ 
00 00 00 00 00 00 00 00  00 00 00 00 00 00 00 00    ........ ........ 
00 00 00 00 00 00 00 00  00 00 00 00 00 00 00 00    ........ ........ 
00 00 00 00 00 00 00 00  00 00 00 00 00 00 00 00    ........ ........ 
00 00 00 00 00 00 00 00  00 00 00 00 00 00 00 00    ........ ........ 
00 00 00 00 00 00 00 00  00 00 00 00 00 00 00 00    ........ ........ 
00 00 00 00 00 00 00 00  00 00 00 00 00 00 00 00    ........ ........ 
src regs sR: { 7F 00 00 00 }
dst regs dR: { 00 81 }
IS: 1 IP: 18
Your code solved puzzle stop127!
BLNCE.S27=13@999999|09371405f7a438a2adbfeb53d5d5317
% 
[balance] Running test 1/1...

 === machine state === 
mem M:
00 00 00 00 00 00 00 00  00 00 00 00 00 00 00 00
00 00 00 00 00 00 00 00  00 00 00 00 00 00 00 00
00 00 00 00 00 00 00 00  00 00 00 00 00 00 00 00
00 00 00 00 00 00 00 00  00 00 00 00 00 00 00 00
00 00 00 00 00 00 00 00  00 00 00 00 00 00 00 00
00 00 00 00 00 00 00 00  00 00 00 00 00 00 00 00
00 00 00 00 00 00 00 00  00 00 00 00 00 00 00 00
00 00 00 00 00 00 00 00  00 00 00 00 00 00 00 00
80 00 00 00 00 00 00 00  00 00 00 00 00 00 00 00
00 00 00 00 00 00 00 00  00 00 00 00 00 00 00 00
00 00 00 00 00 00 00 00  00 00 00 00 00 00 00 00
00 00 00 00 00 00 00 00  00 00 00 00 00 00 00 00
00 00 00 00 00 00 00 00  00 00 00 00 00 00 00 00
00 00 00 00 00 00 00 00  00 00 00 00 00 00 00 00
00 00 00 00 00 00 00 00  00 00 00 00 00 00 00 00
00 00 00 00 00 00 00 00  00 00 00 00 00 00 00 00
src regs sR: { 00 00 00 00 }
dst regs dR: { 00 00 }
IS: 1 IP: 0
 === machine state === 
mem M:
00 00 00 00 00 00 00 00  00 00 00 00 00 00 00 00    ........ ........ 
00 00 00 00 00 00 00 00  00 00 00 00 00 00 00 00    ........ ........ 
00 00 00 00 00 00 00 00  00 00 00 00 00 00 00 00    ........ ........ 
00 00 00 00 00 00 00 00  00 00 00 00 00 00 00 00    ........ ........ 
00 00 00 00 00 00 00 00  00 00 00 00 00 00 00 00    ........ ........ 
00 00 00 00 00 00 00 00  00 00 00 00 00 00 00 00    ........ ........ 
00 00 00 00 00 00 00 00  00 00 00 00 00 00 00 00    ........ ........ 
00 00 00 00 00 00 00 00  00 00 00 00 00 00 00 00    ........ ........ 
80 00 00 00 00 00 00 00  00 00 00 00 00 00 00 00    ........ ........ 
00 00 00 00 00 00 00 00  00 00 00 00 00 00 00 00    ........ ........ 
00 00 00 00 00 00 00 00  00 00 00 00 00 00 00 00    ........ ........ 
00 00 00 00 00 00 00 00  00 00 00 00 00 00 00 00    ........ ........ 
00 00 00 00 00 00 00 00  00 00 00 00 00 00 00 00    ........ ........ 
00 00 00 00 00 00 00 00  00 00 00 00 00 00 00 00    ........ ........ 
00 00 00 00 00 00 00 00  00 00 00 00 00 00 00 00    ........ ........ 
00 00 00 00 00 00 00 00  00 00 00 00 00 00 00 00    ........ ........ 
src regs sR: { 80 80 00 00 }
dst regs dR: { 00 00 }
IS: 1 IP: 16
Your code solved puzzle stop128!
BLNCE.S28=12@999999|39eabd9f583a28bad260f1981e745ac
% 